{
 "cells": [
  {
   "cell_type": "code",
   "execution_count": 1,
   "metadata": {},
   "outputs": [],
   "source": [
    "import pandas as pd "
   ]
  },
  {
   "cell_type": "code",
   "execution_count": 2,
   "metadata": {},
   "outputs": [
    {
     "name": "stdout",
     "output_type": "stream",
     "text": [
      "Number of CSV files found: 16\n",
      "Combined dataframe shape: (16, 10)\n"
     ]
    },
    {
     "data": {
      "text/html": [
       "<div>\n",
       "<style scoped>\n",
       "    .dataframe tbody tr th:only-of-type {\n",
       "        vertical-align: middle;\n",
       "    }\n",
       "\n",
       "    .dataframe tbody tr th {\n",
       "        vertical-align: top;\n",
       "    }\n",
       "\n",
       "    .dataframe thead th {\n",
       "        text-align: right;\n",
       "    }\n",
       "</style>\n",
       "<table border=\"1\" class=\"dataframe\">\n",
       "  <thead>\n",
       "    <tr style=\"text-align: right;\">\n",
       "      <th></th>\n",
       "      <th>period_end_date</th>\n",
       "      <th>year</th>\n",
       "      <th>month</th>\n",
       "      <th>revenue</th>\n",
       "      <th>cost_of_sales</th>\n",
       "      <th>gross_profit</th>\n",
       "      <th>distribution_costs</th>\n",
       "      <th>administrative_expenses</th>\n",
       "      <th>other_income_and_gains</th>\n",
       "      <th>profit_for_the_period</th>\n",
       "    </tr>\n",
       "  </thead>\n",
       "  <tbody>\n",
       "    <tr>\n",
       "      <th>0</th>\n",
       "      <td>30/06/2021</td>\n",
       "      <td>2021</td>\n",
       "      <td>6</td>\n",
       "      <td>16781921</td>\n",
       "      <td>13441706</td>\n",
       "      <td>3340215</td>\n",
       "      <td>367867</td>\n",
       "      <td>1423006</td>\n",
       "      <td>159440</td>\n",
       "      <td>1391393</td>\n",
       "    </tr>\n",
       "    <tr>\n",
       "      <th>1</th>\n",
       "      <td>30/06/2022</td>\n",
       "      <td>2022</td>\n",
       "      <td>6</td>\n",
       "      <td>20730476</td>\n",
       "      <td>15374560</td>\n",
       "      <td>5355916</td>\n",
       "      <td>726944</td>\n",
       "      <td>1526344</td>\n",
       "      <td>68492</td>\n",
       "      <td>4252636</td>\n",
       "    </tr>\n",
       "    <tr>\n",
       "      <th>2</th>\n",
       "      <td>30/06/2023</td>\n",
       "      <td>2023</td>\n",
       "      <td>6</td>\n",
       "      <td>18551212</td>\n",
       "      <td>15084368</td>\n",
       "      <td>3466844</td>\n",
       "      <td>348559</td>\n",
       "      <td>1962193</td>\n",
       "      <td>112676</td>\n",
       "      <td>719991</td>\n",
       "    </tr>\n",
       "    <tr>\n",
       "      <th>3</th>\n",
       "      <td>30/06/2024</td>\n",
       "      <td>2024</td>\n",
       "      <td>6</td>\n",
       "      <td>19186326</td>\n",
       "      <td>15665738</td>\n",
       "      <td>3520588</td>\n",
       "      <td>538719</td>\n",
       "      <td>2059343</td>\n",
       "      <td>162709</td>\n",
       "      <td>812512</td>\n",
       "    </tr>\n",
       "    <tr>\n",
       "      <th>4</th>\n",
       "      <td>30/09/2021</td>\n",
       "      <td>2021</td>\n",
       "      <td>9</td>\n",
       "      <td>13013255</td>\n",
       "      <td>23965788</td>\n",
       "      <td>6047467</td>\n",
       "      <td>664407</td>\n",
       "      <td>2519369</td>\n",
       "      <td>261806</td>\n",
       "      <td>2472519</td>\n",
       "    </tr>\n",
       "    <tr>\n",
       "      <th>5</th>\n",
       "      <td>30/09/2022</td>\n",
       "      <td>2022</td>\n",
       "      <td>9</td>\n",
       "      <td>1994058</td>\n",
       "      <td>1598163</td>\n",
       "      <td>1040435</td>\n",
       "      <td>1560815</td>\n",
       "      <td>3276870</td>\n",
       "      <td>202879</td>\n",
       "      <td>6079948</td>\n",
       "    </tr>\n",
       "    <tr>\n",
       "      <th>6</th>\n",
       "      <td>30/09/2023</td>\n",
       "      <td>2023</td>\n",
       "      <td>9</td>\n",
       "      <td>18272973</td>\n",
       "      <td>14039036</td>\n",
       "      <td>4233937</td>\n",
       "      <td>744616</td>\n",
       "      <td>2107915</td>\n",
       "      <td>99899</td>\n",
       "      <td>1143122</td>\n",
       "    </tr>\n",
       "    <tr>\n",
       "      <th>7</th>\n",
       "      <td>30/09/2024</td>\n",
       "      <td>2024</td>\n",
       "      <td>9</td>\n",
       "      <td>21277143</td>\n",
       "      <td>16638143</td>\n",
       "      <td>4639000</td>\n",
       "      <td>525350</td>\n",
       "      <td>2099002</td>\n",
       "      <td>122033</td>\n",
       "      <td>1306732</td>\n",
       "    </tr>\n",
       "    <tr>\n",
       "      <th>8</th>\n",
       "      <td>31/03/2021</td>\n",
       "      <td>2021</td>\n",
       "      <td>3</td>\n",
       "      <td>13793391</td>\n",
       "      <td>10109673</td>\n",
       "      <td>3683718</td>\n",
       "      <td>348610</td>\n",
       "      <td>1257251</td>\n",
       "      <td>163936</td>\n",
       "      <td>1953741</td>\n",
       "    </tr>\n",
       "    <tr>\n",
       "      <th>9</th>\n",
       "      <td>31/03/2022</td>\n",
       "      <td>2022</td>\n",
       "      <td>3</td>\n",
       "      <td>12550438</td>\n",
       "      <td>-10174187</td>\n",
       "      <td>2376251</td>\n",
       "      <td>-347955</td>\n",
       "      <td>-1463385</td>\n",
       "      <td>460652</td>\n",
       "      <td>3011102</td>\n",
       "    </tr>\n",
       "    <tr>\n",
       "      <th>10</th>\n",
       "      <td>31/03/2023</td>\n",
       "      <td>2023</td>\n",
       "      <td>3</td>\n",
       "      <td>18518298</td>\n",
       "      <td>-13171748</td>\n",
       "      <td>5346550</td>\n",
       "      <td>-113819</td>\n",
       "      <td>-2928560</td>\n",
       "      <td>235469</td>\n",
       "      <td>1500437</td>\n",
       "    </tr>\n",
       "    <tr>\n",
       "      <th>11</th>\n",
       "      <td>31/03/2024</td>\n",
       "      <td>2024</td>\n",
       "      <td>3</td>\n",
       "      <td>19076054</td>\n",
       "      <td>-13583528</td>\n",
       "      <td>5492526</td>\n",
       "      <td>-135520</td>\n",
       "      <td>-2211934</td>\n",
       "      <td>496056</td>\n",
       "      <td>2958639</td>\n",
       "    </tr>\n",
       "    <tr>\n",
       "      <th>12</th>\n",
       "      <td>31/12/2021</td>\n",
       "      <td>2021</td>\n",
       "      <td>12</td>\n",
       "      <td>2743545</td>\n",
       "      <td>34387146</td>\n",
       "      <td>8356399</td>\n",
       "      <td>1054840</td>\n",
       "      <td>3340270</td>\n",
       "      <td>72755</td>\n",
       "      <td>3399698</td>\n",
       "    </tr>\n",
       "    <tr>\n",
       "      <th>13</th>\n",
       "      <td>31/12/2022</td>\n",
       "      <td>2022</td>\n",
       "      <td>12</td>\n",
       "      <td>19586955</td>\n",
       "      <td>-15328969</td>\n",
       "      <td>4257986</td>\n",
       "      <td>-985878</td>\n",
       "      <td>-1881749</td>\n",
       "      <td>328400</td>\n",
       "      <td>922039</td>\n",
       "    </tr>\n",
       "    <tr>\n",
       "      <th>14</th>\n",
       "      <td>31/12/2023</td>\n",
       "      <td>2023</td>\n",
       "      <td>12</td>\n",
       "      <td>18041721</td>\n",
       "      <td>14175982</td>\n",
       "      <td>3865739</td>\n",
       "      <td>727667</td>\n",
       "      <td>1911062</td>\n",
       "      <td>111189</td>\n",
       "      <td>916225</td>\n",
       "    </tr>\n",
       "    <tr>\n",
       "      <th>15</th>\n",
       "      <td>31/12/2024</td>\n",
       "      <td>2024</td>\n",
       "      <td>12</td>\n",
       "      <td>19343267</td>\n",
       "      <td>15514434</td>\n",
       "      <td>3828833</td>\n",
       "      <td>649749</td>\n",
       "      <td>2210547</td>\n",
       "      <td>555151</td>\n",
       "      <td>1157488</td>\n",
       "    </tr>\n",
       "  </tbody>\n",
       "</table>\n",
       "</div>"
      ],
      "text/plain": [
       "   period_end_date  year  month   revenue  cost_of_sales  gross_profit  \\\n",
       "0       30/06/2021  2021      6  16781921       13441706       3340215   \n",
       "1       30/06/2022  2022      6  20730476       15374560       5355916   \n",
       "2       30/06/2023  2023      6  18551212       15084368       3466844   \n",
       "3       30/06/2024  2024      6  19186326       15665738       3520588   \n",
       "4       30/09/2021  2021      9  13013255       23965788       6047467   \n",
       "5       30/09/2022  2022      9   1994058        1598163       1040435   \n",
       "6       30/09/2023  2023      9  18272973       14039036       4233937   \n",
       "7       30/09/2024  2024      9  21277143       16638143       4639000   \n",
       "8       31/03/2021  2021      3  13793391       10109673       3683718   \n",
       "9       31/03/2022  2022      3  12550438      -10174187       2376251   \n",
       "10      31/03/2023  2023      3  18518298      -13171748       5346550   \n",
       "11      31/03/2024  2024      3  19076054      -13583528       5492526   \n",
       "12      31/12/2021  2021     12   2743545       34387146       8356399   \n",
       "13      31/12/2022  2022     12  19586955      -15328969       4257986   \n",
       "14      31/12/2023  2023     12  18041721       14175982       3865739   \n",
       "15      31/12/2024  2024     12  19343267       15514434       3828833   \n",
       "\n",
       "    distribution_costs  administrative_expenses  other_income_and_gains  \\\n",
       "0               367867                  1423006                  159440   \n",
       "1               726944                  1526344                   68492   \n",
       "2               348559                  1962193                  112676   \n",
       "3               538719                  2059343                  162709   \n",
       "4               664407                  2519369                  261806   \n",
       "5              1560815                  3276870                  202879   \n",
       "6               744616                  2107915                   99899   \n",
       "7               525350                  2099002                  122033   \n",
       "8               348610                  1257251                  163936   \n",
       "9              -347955                 -1463385                  460652   \n",
       "10             -113819                 -2928560                  235469   \n",
       "11             -135520                 -2211934                  496056   \n",
       "12             1054840                  3340270                   72755   \n",
       "13             -985878                 -1881749                  328400   \n",
       "14              727667                  1911062                  111189   \n",
       "15              649749                  2210547                  555151   \n",
       "\n",
       "    profit_for_the_period  \n",
       "0                 1391393  \n",
       "1                 4252636  \n",
       "2                  719991  \n",
       "3                  812512  \n",
       "4                 2472519  \n",
       "5                 6079948  \n",
       "6                 1143122  \n",
       "7                 1306732  \n",
       "8                 1953741  \n",
       "9                 3011102  \n",
       "10                1500437  \n",
       "11                2958639  \n",
       "12                3399698  \n",
       "13                 922039  \n",
       "14                 916225  \n",
       "15                1157488  "
      ]
     },
     "execution_count": 2,
     "metadata": {},
     "output_type": "execute_result"
    }
   ],
   "source": [
    "# Get list of all CSV files in the dipd2 directory\n",
    "import os\n",
    "import pandas as pd\n",
    "from pathlib import Path\n",
    "\n",
    "# Define the directory path using relative path from notebook location\n",
    "notebook_dir = Path().absolute()\n",
    "project_root = notebook_dir.parent.parent\n",
    "dipd2_dir = project_root / \"data\" / \"interim\" / \"dipd2\"\n",
    "\n",
    "# Get all CSV files in the directory and print count\n",
    "csv_files = list(dipd2_dir.glob(\"*.csv\"))\n",
    "print(f\"Number of CSV files found: {len(csv_files)}\")\n",
    "\n",
    "# Read and concatenate all CSV files\n",
    "dfs = []\n",
    "for csv_file in csv_files:\n",
    "    df = pd.read_csv(csv_file)\n",
    "    dfs.append(df)\n",
    "\n",
    "# Concatenate all dataframes\n",
    "combined_df = pd.concat(dfs, ignore_index=True)\n",
    "\n",
    "# Display the combined dataframe\n",
    "print(\"Combined dataframe shape:\", combined_df.shape)\n",
    "combined_df\n"
   ]
  },
  {
   "cell_type": "code",
   "execution_count": 3,
   "metadata": {},
   "outputs": [
    {
     "name": "stderr",
     "output_type": "stream",
     "text": [
      "C:\\Users\\muzny\\AppData\\Local\\Temp\\ipykernel_3160\\3135960539.py:2: UserWarning: Parsing dates in %d/%m/%Y format when dayfirst=False (the default) was specified. Pass `dayfirst=True` or specify a format to silence this warning.\n",
      "  combined_df['period_end_date'] = pd.to_datetime(combined_df['period_end_date'])\n"
     ]
    },
    {
     "data": {
      "text/html": [
       "<div>\n",
       "<style scoped>\n",
       "    .dataframe tbody tr th:only-of-type {\n",
       "        vertical-align: middle;\n",
       "    }\n",
       "\n",
       "    .dataframe tbody tr th {\n",
       "        vertical-align: top;\n",
       "    }\n",
       "\n",
       "    .dataframe thead th {\n",
       "        text-align: right;\n",
       "    }\n",
       "</style>\n",
       "<table border=\"1\" class=\"dataframe\">\n",
       "  <thead>\n",
       "    <tr style=\"text-align: right;\">\n",
       "      <th></th>\n",
       "      <th>period_end_date</th>\n",
       "      <th>year</th>\n",
       "      <th>month</th>\n",
       "      <th>revenue</th>\n",
       "      <th>cost_of_sales</th>\n",
       "      <th>gross_profit</th>\n",
       "      <th>distribution_costs</th>\n",
       "      <th>administrative_expenses</th>\n",
       "      <th>other_income_and_gains</th>\n",
       "      <th>profit_for_the_period</th>\n",
       "    </tr>\n",
       "  </thead>\n",
       "  <tbody>\n",
       "    <tr>\n",
       "      <th>8</th>\n",
       "      <td>2021-03-31</td>\n",
       "      <td>2021</td>\n",
       "      <td>3</td>\n",
       "      <td>13793391</td>\n",
       "      <td>10109673</td>\n",
       "      <td>3683718</td>\n",
       "      <td>348610</td>\n",
       "      <td>1257251</td>\n",
       "      <td>163936</td>\n",
       "      <td>1953741</td>\n",
       "    </tr>\n",
       "    <tr>\n",
       "      <th>0</th>\n",
       "      <td>2021-06-30</td>\n",
       "      <td>2021</td>\n",
       "      <td>6</td>\n",
       "      <td>16781921</td>\n",
       "      <td>13441706</td>\n",
       "      <td>3340215</td>\n",
       "      <td>367867</td>\n",
       "      <td>1423006</td>\n",
       "      <td>159440</td>\n",
       "      <td>1391393</td>\n",
       "    </tr>\n",
       "    <tr>\n",
       "      <th>4</th>\n",
       "      <td>2021-09-30</td>\n",
       "      <td>2021</td>\n",
       "      <td>9</td>\n",
       "      <td>13013255</td>\n",
       "      <td>23965788</td>\n",
       "      <td>6047467</td>\n",
       "      <td>664407</td>\n",
       "      <td>2519369</td>\n",
       "      <td>261806</td>\n",
       "      <td>2472519</td>\n",
       "    </tr>\n",
       "    <tr>\n",
       "      <th>12</th>\n",
       "      <td>2021-12-31</td>\n",
       "      <td>2021</td>\n",
       "      <td>12</td>\n",
       "      <td>2743545</td>\n",
       "      <td>34387146</td>\n",
       "      <td>8356399</td>\n",
       "      <td>1054840</td>\n",
       "      <td>3340270</td>\n",
       "      <td>72755</td>\n",
       "      <td>3399698</td>\n",
       "    </tr>\n",
       "    <tr>\n",
       "      <th>9</th>\n",
       "      <td>2022-03-31</td>\n",
       "      <td>2022</td>\n",
       "      <td>3</td>\n",
       "      <td>12550438</td>\n",
       "      <td>-10174187</td>\n",
       "      <td>2376251</td>\n",
       "      <td>-347955</td>\n",
       "      <td>-1463385</td>\n",
       "      <td>460652</td>\n",
       "      <td>3011102</td>\n",
       "    </tr>\n",
       "    <tr>\n",
       "      <th>1</th>\n",
       "      <td>2022-06-30</td>\n",
       "      <td>2022</td>\n",
       "      <td>6</td>\n",
       "      <td>20730476</td>\n",
       "      <td>15374560</td>\n",
       "      <td>5355916</td>\n",
       "      <td>726944</td>\n",
       "      <td>1526344</td>\n",
       "      <td>68492</td>\n",
       "      <td>4252636</td>\n",
       "    </tr>\n",
       "    <tr>\n",
       "      <th>5</th>\n",
       "      <td>2022-09-30</td>\n",
       "      <td>2022</td>\n",
       "      <td>9</td>\n",
       "      <td>1994058</td>\n",
       "      <td>1598163</td>\n",
       "      <td>1040435</td>\n",
       "      <td>1560815</td>\n",
       "      <td>3276870</td>\n",
       "      <td>202879</td>\n",
       "      <td>6079948</td>\n",
       "    </tr>\n",
       "    <tr>\n",
       "      <th>13</th>\n",
       "      <td>2022-12-31</td>\n",
       "      <td>2022</td>\n",
       "      <td>12</td>\n",
       "      <td>19586955</td>\n",
       "      <td>-15328969</td>\n",
       "      <td>4257986</td>\n",
       "      <td>-985878</td>\n",
       "      <td>-1881749</td>\n",
       "      <td>328400</td>\n",
       "      <td>922039</td>\n",
       "    </tr>\n",
       "    <tr>\n",
       "      <th>10</th>\n",
       "      <td>2023-03-31</td>\n",
       "      <td>2023</td>\n",
       "      <td>3</td>\n",
       "      <td>18518298</td>\n",
       "      <td>-13171748</td>\n",
       "      <td>5346550</td>\n",
       "      <td>-113819</td>\n",
       "      <td>-2928560</td>\n",
       "      <td>235469</td>\n",
       "      <td>1500437</td>\n",
       "    </tr>\n",
       "    <tr>\n",
       "      <th>2</th>\n",
       "      <td>2023-06-30</td>\n",
       "      <td>2023</td>\n",
       "      <td>6</td>\n",
       "      <td>18551212</td>\n",
       "      <td>15084368</td>\n",
       "      <td>3466844</td>\n",
       "      <td>348559</td>\n",
       "      <td>1962193</td>\n",
       "      <td>112676</td>\n",
       "      <td>719991</td>\n",
       "    </tr>\n",
       "    <tr>\n",
       "      <th>6</th>\n",
       "      <td>2023-09-30</td>\n",
       "      <td>2023</td>\n",
       "      <td>9</td>\n",
       "      <td>18272973</td>\n",
       "      <td>14039036</td>\n",
       "      <td>4233937</td>\n",
       "      <td>744616</td>\n",
       "      <td>2107915</td>\n",
       "      <td>99899</td>\n",
       "      <td>1143122</td>\n",
       "    </tr>\n",
       "    <tr>\n",
       "      <th>14</th>\n",
       "      <td>2023-12-31</td>\n",
       "      <td>2023</td>\n",
       "      <td>12</td>\n",
       "      <td>18041721</td>\n",
       "      <td>14175982</td>\n",
       "      <td>3865739</td>\n",
       "      <td>727667</td>\n",
       "      <td>1911062</td>\n",
       "      <td>111189</td>\n",
       "      <td>916225</td>\n",
       "    </tr>\n",
       "    <tr>\n",
       "      <th>11</th>\n",
       "      <td>2024-03-31</td>\n",
       "      <td>2024</td>\n",
       "      <td>3</td>\n",
       "      <td>19076054</td>\n",
       "      <td>-13583528</td>\n",
       "      <td>5492526</td>\n",
       "      <td>-135520</td>\n",
       "      <td>-2211934</td>\n",
       "      <td>496056</td>\n",
       "      <td>2958639</td>\n",
       "    </tr>\n",
       "    <tr>\n",
       "      <th>3</th>\n",
       "      <td>2024-06-30</td>\n",
       "      <td>2024</td>\n",
       "      <td>6</td>\n",
       "      <td>19186326</td>\n",
       "      <td>15665738</td>\n",
       "      <td>3520588</td>\n",
       "      <td>538719</td>\n",
       "      <td>2059343</td>\n",
       "      <td>162709</td>\n",
       "      <td>812512</td>\n",
       "    </tr>\n",
       "    <tr>\n",
       "      <th>7</th>\n",
       "      <td>2024-09-30</td>\n",
       "      <td>2024</td>\n",
       "      <td>9</td>\n",
       "      <td>21277143</td>\n",
       "      <td>16638143</td>\n",
       "      <td>4639000</td>\n",
       "      <td>525350</td>\n",
       "      <td>2099002</td>\n",
       "      <td>122033</td>\n",
       "      <td>1306732</td>\n",
       "    </tr>\n",
       "    <tr>\n",
       "      <th>15</th>\n",
       "      <td>2024-12-31</td>\n",
       "      <td>2024</td>\n",
       "      <td>12</td>\n",
       "      <td>19343267</td>\n",
       "      <td>15514434</td>\n",
       "      <td>3828833</td>\n",
       "      <td>649749</td>\n",
       "      <td>2210547</td>\n",
       "      <td>555151</td>\n",
       "      <td>1157488</td>\n",
       "    </tr>\n",
       "  </tbody>\n",
       "</table>\n",
       "</div>"
      ],
      "text/plain": [
       "   period_end_date  year  month   revenue  cost_of_sales  gross_profit  \\\n",
       "8       2021-03-31  2021      3  13793391       10109673       3683718   \n",
       "0       2021-06-30  2021      6  16781921       13441706       3340215   \n",
       "4       2021-09-30  2021      9  13013255       23965788       6047467   \n",
       "12      2021-12-31  2021     12   2743545       34387146       8356399   \n",
       "9       2022-03-31  2022      3  12550438      -10174187       2376251   \n",
       "1       2022-06-30  2022      6  20730476       15374560       5355916   \n",
       "5       2022-09-30  2022      9   1994058        1598163       1040435   \n",
       "13      2022-12-31  2022     12  19586955      -15328969       4257986   \n",
       "10      2023-03-31  2023      3  18518298      -13171748       5346550   \n",
       "2       2023-06-30  2023      6  18551212       15084368       3466844   \n",
       "6       2023-09-30  2023      9  18272973       14039036       4233937   \n",
       "14      2023-12-31  2023     12  18041721       14175982       3865739   \n",
       "11      2024-03-31  2024      3  19076054      -13583528       5492526   \n",
       "3       2024-06-30  2024      6  19186326       15665738       3520588   \n",
       "7       2024-09-30  2024      9  21277143       16638143       4639000   \n",
       "15      2024-12-31  2024     12  19343267       15514434       3828833   \n",
       "\n",
       "    distribution_costs  administrative_expenses  other_income_and_gains  \\\n",
       "8               348610                  1257251                  163936   \n",
       "0               367867                  1423006                  159440   \n",
       "4               664407                  2519369                  261806   \n",
       "12             1054840                  3340270                   72755   \n",
       "9              -347955                 -1463385                  460652   \n",
       "1               726944                  1526344                   68492   \n",
       "5              1560815                  3276870                  202879   \n",
       "13             -985878                 -1881749                  328400   \n",
       "10             -113819                 -2928560                  235469   \n",
       "2               348559                  1962193                  112676   \n",
       "6               744616                  2107915                   99899   \n",
       "14              727667                  1911062                  111189   \n",
       "11             -135520                 -2211934                  496056   \n",
       "3               538719                  2059343                  162709   \n",
       "7               525350                  2099002                  122033   \n",
       "15              649749                  2210547                  555151   \n",
       "\n",
       "    profit_for_the_period  \n",
       "8                 1953741  \n",
       "0                 1391393  \n",
       "4                 2472519  \n",
       "12                3399698  \n",
       "9                 3011102  \n",
       "1                 4252636  \n",
       "5                 6079948  \n",
       "13                 922039  \n",
       "10                1500437  \n",
       "2                  719991  \n",
       "6                 1143122  \n",
       "14                 916225  \n",
       "11                2958639  \n",
       "3                  812512  \n",
       "7                 1306732  \n",
       "15                1157488  "
      ]
     },
     "execution_count": 3,
     "metadata": {},
     "output_type": "execute_result"
    }
   ],
   "source": [
    "# Sort the combined dataframe by period_end_date\n",
    "combined_df['period_end_date'] = pd.to_datetime(combined_df['period_end_date'])\n",
    "combined_df = combined_df.sort_values('period_end_date')\n",
    "combined_df\n"
   ]
  },
  {
   "cell_type": "code",
   "execution_count": 4,
   "metadata": {},
   "outputs": [
    {
     "name": "stdout",
     "output_type": "stream",
     "text": [
      "Shape after removing duplicates: (16, 10)\n"
     ]
    },
    {
     "data": {
      "text/html": [
       "<div>\n",
       "<style scoped>\n",
       "    .dataframe tbody tr th:only-of-type {\n",
       "        vertical-align: middle;\n",
       "    }\n",
       "\n",
       "    .dataframe tbody tr th {\n",
       "        vertical-align: top;\n",
       "    }\n",
       "\n",
       "    .dataframe thead th {\n",
       "        text-align: right;\n",
       "    }\n",
       "</style>\n",
       "<table border=\"1\" class=\"dataframe\">\n",
       "  <thead>\n",
       "    <tr style=\"text-align: right;\">\n",
       "      <th></th>\n",
       "      <th>period_end_date</th>\n",
       "      <th>year</th>\n",
       "      <th>month</th>\n",
       "      <th>revenue</th>\n",
       "      <th>cost_of_sales</th>\n",
       "      <th>gross_profit</th>\n",
       "      <th>distribution_costs</th>\n",
       "      <th>administrative_expenses</th>\n",
       "      <th>other_income_and_gains</th>\n",
       "      <th>profit_for_the_period</th>\n",
       "    </tr>\n",
       "  </thead>\n",
       "  <tbody>\n",
       "    <tr>\n",
       "      <th>0</th>\n",
       "      <td>2021-03-31</td>\n",
       "      <td>2021</td>\n",
       "      <td>3</td>\n",
       "      <td>13793391</td>\n",
       "      <td>10109673</td>\n",
       "      <td>3683718</td>\n",
       "      <td>348610</td>\n",
       "      <td>1257251</td>\n",
       "      <td>163936</td>\n",
       "      <td>1953741</td>\n",
       "    </tr>\n",
       "    <tr>\n",
       "      <th>1</th>\n",
       "      <td>2021-06-30</td>\n",
       "      <td>2021</td>\n",
       "      <td>6</td>\n",
       "      <td>16781921</td>\n",
       "      <td>13441706</td>\n",
       "      <td>3340215</td>\n",
       "      <td>367867</td>\n",
       "      <td>1423006</td>\n",
       "      <td>159440</td>\n",
       "      <td>1391393</td>\n",
       "    </tr>\n",
       "    <tr>\n",
       "      <th>2</th>\n",
       "      <td>2021-09-30</td>\n",
       "      <td>2021</td>\n",
       "      <td>9</td>\n",
       "      <td>13013255</td>\n",
       "      <td>23965788</td>\n",
       "      <td>6047467</td>\n",
       "      <td>664407</td>\n",
       "      <td>2519369</td>\n",
       "      <td>261806</td>\n",
       "      <td>2472519</td>\n",
       "    </tr>\n",
       "    <tr>\n",
       "      <th>3</th>\n",
       "      <td>2021-12-31</td>\n",
       "      <td>2021</td>\n",
       "      <td>12</td>\n",
       "      <td>2743545</td>\n",
       "      <td>34387146</td>\n",
       "      <td>8356399</td>\n",
       "      <td>1054840</td>\n",
       "      <td>3340270</td>\n",
       "      <td>72755</td>\n",
       "      <td>3399698</td>\n",
       "    </tr>\n",
       "    <tr>\n",
       "      <th>4</th>\n",
       "      <td>2022-03-31</td>\n",
       "      <td>2022</td>\n",
       "      <td>3</td>\n",
       "      <td>12550438</td>\n",
       "      <td>-10174187</td>\n",
       "      <td>2376251</td>\n",
       "      <td>-347955</td>\n",
       "      <td>-1463385</td>\n",
       "      <td>460652</td>\n",
       "      <td>3011102</td>\n",
       "    </tr>\n",
       "    <tr>\n",
       "      <th>5</th>\n",
       "      <td>2022-06-30</td>\n",
       "      <td>2022</td>\n",
       "      <td>6</td>\n",
       "      <td>20730476</td>\n",
       "      <td>15374560</td>\n",
       "      <td>5355916</td>\n",
       "      <td>726944</td>\n",
       "      <td>1526344</td>\n",
       "      <td>68492</td>\n",
       "      <td>4252636</td>\n",
       "    </tr>\n",
       "    <tr>\n",
       "      <th>6</th>\n",
       "      <td>2022-09-30</td>\n",
       "      <td>2022</td>\n",
       "      <td>9</td>\n",
       "      <td>1994058</td>\n",
       "      <td>1598163</td>\n",
       "      <td>1040435</td>\n",
       "      <td>1560815</td>\n",
       "      <td>3276870</td>\n",
       "      <td>202879</td>\n",
       "      <td>6079948</td>\n",
       "    </tr>\n",
       "    <tr>\n",
       "      <th>7</th>\n",
       "      <td>2022-12-31</td>\n",
       "      <td>2022</td>\n",
       "      <td>12</td>\n",
       "      <td>19586955</td>\n",
       "      <td>-15328969</td>\n",
       "      <td>4257986</td>\n",
       "      <td>-985878</td>\n",
       "      <td>-1881749</td>\n",
       "      <td>328400</td>\n",
       "      <td>922039</td>\n",
       "    </tr>\n",
       "    <tr>\n",
       "      <th>8</th>\n",
       "      <td>2023-03-31</td>\n",
       "      <td>2023</td>\n",
       "      <td>3</td>\n",
       "      <td>18518298</td>\n",
       "      <td>-13171748</td>\n",
       "      <td>5346550</td>\n",
       "      <td>-113819</td>\n",
       "      <td>-2928560</td>\n",
       "      <td>235469</td>\n",
       "      <td>1500437</td>\n",
       "    </tr>\n",
       "    <tr>\n",
       "      <th>9</th>\n",
       "      <td>2023-06-30</td>\n",
       "      <td>2023</td>\n",
       "      <td>6</td>\n",
       "      <td>18551212</td>\n",
       "      <td>15084368</td>\n",
       "      <td>3466844</td>\n",
       "      <td>348559</td>\n",
       "      <td>1962193</td>\n",
       "      <td>112676</td>\n",
       "      <td>719991</td>\n",
       "    </tr>\n",
       "    <tr>\n",
       "      <th>10</th>\n",
       "      <td>2023-09-30</td>\n",
       "      <td>2023</td>\n",
       "      <td>9</td>\n",
       "      <td>18272973</td>\n",
       "      <td>14039036</td>\n",
       "      <td>4233937</td>\n",
       "      <td>744616</td>\n",
       "      <td>2107915</td>\n",
       "      <td>99899</td>\n",
       "      <td>1143122</td>\n",
       "    </tr>\n",
       "    <tr>\n",
       "      <th>11</th>\n",
       "      <td>2023-12-31</td>\n",
       "      <td>2023</td>\n",
       "      <td>12</td>\n",
       "      <td>18041721</td>\n",
       "      <td>14175982</td>\n",
       "      <td>3865739</td>\n",
       "      <td>727667</td>\n",
       "      <td>1911062</td>\n",
       "      <td>111189</td>\n",
       "      <td>916225</td>\n",
       "    </tr>\n",
       "    <tr>\n",
       "      <th>12</th>\n",
       "      <td>2024-03-31</td>\n",
       "      <td>2024</td>\n",
       "      <td>3</td>\n",
       "      <td>19076054</td>\n",
       "      <td>-13583528</td>\n",
       "      <td>5492526</td>\n",
       "      <td>-135520</td>\n",
       "      <td>-2211934</td>\n",
       "      <td>496056</td>\n",
       "      <td>2958639</td>\n",
       "    </tr>\n",
       "    <tr>\n",
       "      <th>13</th>\n",
       "      <td>2024-06-30</td>\n",
       "      <td>2024</td>\n",
       "      <td>6</td>\n",
       "      <td>19186326</td>\n",
       "      <td>15665738</td>\n",
       "      <td>3520588</td>\n",
       "      <td>538719</td>\n",
       "      <td>2059343</td>\n",
       "      <td>162709</td>\n",
       "      <td>812512</td>\n",
       "    </tr>\n",
       "    <tr>\n",
       "      <th>14</th>\n",
       "      <td>2024-09-30</td>\n",
       "      <td>2024</td>\n",
       "      <td>9</td>\n",
       "      <td>21277143</td>\n",
       "      <td>16638143</td>\n",
       "      <td>4639000</td>\n",
       "      <td>525350</td>\n",
       "      <td>2099002</td>\n",
       "      <td>122033</td>\n",
       "      <td>1306732</td>\n",
       "    </tr>\n",
       "    <tr>\n",
       "      <th>15</th>\n",
       "      <td>2024-12-31</td>\n",
       "      <td>2024</td>\n",
       "      <td>12</td>\n",
       "      <td>19343267</td>\n",
       "      <td>15514434</td>\n",
       "      <td>3828833</td>\n",
       "      <td>649749</td>\n",
       "      <td>2210547</td>\n",
       "      <td>555151</td>\n",
       "      <td>1157488</td>\n",
       "    </tr>\n",
       "  </tbody>\n",
       "</table>\n",
       "</div>"
      ],
      "text/plain": [
       "   period_end_date  year  month   revenue  cost_of_sales  gross_profit  \\\n",
       "0       2021-03-31  2021      3  13793391       10109673       3683718   \n",
       "1       2021-06-30  2021      6  16781921       13441706       3340215   \n",
       "2       2021-09-30  2021      9  13013255       23965788       6047467   \n",
       "3       2021-12-31  2021     12   2743545       34387146       8356399   \n",
       "4       2022-03-31  2022      3  12550438      -10174187       2376251   \n",
       "5       2022-06-30  2022      6  20730476       15374560       5355916   \n",
       "6       2022-09-30  2022      9   1994058        1598163       1040435   \n",
       "7       2022-12-31  2022     12  19586955      -15328969       4257986   \n",
       "8       2023-03-31  2023      3  18518298      -13171748       5346550   \n",
       "9       2023-06-30  2023      6  18551212       15084368       3466844   \n",
       "10      2023-09-30  2023      9  18272973       14039036       4233937   \n",
       "11      2023-12-31  2023     12  18041721       14175982       3865739   \n",
       "12      2024-03-31  2024      3  19076054      -13583528       5492526   \n",
       "13      2024-06-30  2024      6  19186326       15665738       3520588   \n",
       "14      2024-09-30  2024      9  21277143       16638143       4639000   \n",
       "15      2024-12-31  2024     12  19343267       15514434       3828833   \n",
       "\n",
       "    distribution_costs  administrative_expenses  other_income_and_gains  \\\n",
       "0               348610                  1257251                  163936   \n",
       "1               367867                  1423006                  159440   \n",
       "2               664407                  2519369                  261806   \n",
       "3              1054840                  3340270                   72755   \n",
       "4              -347955                 -1463385                  460652   \n",
       "5               726944                  1526344                   68492   \n",
       "6              1560815                  3276870                  202879   \n",
       "7              -985878                 -1881749                  328400   \n",
       "8              -113819                 -2928560                  235469   \n",
       "9               348559                  1962193                  112676   \n",
       "10              744616                  2107915                   99899   \n",
       "11              727667                  1911062                  111189   \n",
       "12             -135520                 -2211934                  496056   \n",
       "13              538719                  2059343                  162709   \n",
       "14              525350                  2099002                  122033   \n",
       "15              649749                  2210547                  555151   \n",
       "\n",
       "    profit_for_the_period  \n",
       "0                 1953741  \n",
       "1                 1391393  \n",
       "2                 2472519  \n",
       "3                 3399698  \n",
       "4                 3011102  \n",
       "5                 4252636  \n",
       "6                 6079948  \n",
       "7                  922039  \n",
       "8                 1500437  \n",
       "9                  719991  \n",
       "10                1143122  \n",
       "11                 916225  \n",
       "12                2958639  \n",
       "13                 812512  \n",
       "14                1306732  \n",
       "15                1157488  "
      ]
     },
     "execution_count": 4,
     "metadata": {},
     "output_type": "execute_result"
    }
   ],
   "source": [
    "# Remove duplicate rows based on all columns\n",
    "combined_df = combined_df.drop_duplicates()\n",
    "\n",
    "# Reset the index after removing duplicates\n",
    "combined_df = combined_df.reset_index(drop=True)\n",
    "\n",
    "# Display the deduplicated dataframe\n",
    "print(\"Shape after removing duplicates:\", combined_df.shape)\n",
    "combined_df\n"
   ]
  },
  {
   "cell_type": "code",
   "execution_count": 5,
   "metadata": {},
   "outputs": [
    {
     "name": "stdout",
     "output_type": "stream",
     "text": [
      "   period_end_date   revenue      COGS  gross_profit  operating_expenses  \\\n",
      "0       2021-03-31  13793391  10109673       3683718             1605861   \n",
      "1       2021-06-30  16781921  13441706       3340215             1790873   \n",
      "2       2021-09-30  13013255  23965788       6047467             3183776   \n",
      "3       2021-12-31   2743545  34387146       8356399             4395110   \n",
      "4       2022-03-31  12550438  10174187       2376251             1811340   \n",
      "5       2022-06-30  20730476  15374560       5355916             2253288   \n",
      "6       2022-09-30   1994058   1598163       1040435             4837685   \n",
      "7       2022-12-31  19586955  15328969       4257986             2867627   \n",
      "8       2023-03-31  18518298  13171748       5346550             3042379   \n",
      "9       2023-06-30  18551212  15084368       3466844             2310752   \n",
      "10      2023-09-30  18272973  14039036       4233937             2852531   \n",
      "11      2023-12-31  18041721  14175982       3865739             2638729   \n",
      "12      2024-03-31  19076054  13583528       5492526             2347454   \n",
      "13      2024-06-30  19186326  15665738       3520588             2598062   \n",
      "14      2024-09-30  21277143  16638143       4639000             2624352   \n",
      "15      2024-12-31  19343267  15514434       3828833             2860296   \n",
      "\n",
      "    operating_income  profit_for_the_period  \n",
      "0            2077857                1953741  \n",
      "1            1549342                1391393  \n",
      "2            2863691                2472519  \n",
      "3            3961289                3399698  \n",
      "4             564911                3011102  \n",
      "5            3102628                4252636  \n",
      "6           -3797250                6079948  \n",
      "7            1390359                 922039  \n",
      "8            2304171                1500437  \n",
      "9            1156092                 719991  \n",
