{
 "cells": [
  {
   "cell_type": "code",
   "execution_count": 24,
   "metadata": {},
   "outputs": [],
   "source": [
    "import pandas as pd "
   ]
  },
  {
   "cell_type": "code",
   "execution_count": 25,
   "metadata": {},
   "outputs": [
    {
     "name": "stdout",
     "output_type": "stream",
     "text": [
      "Number of CSV files found: 1\n",
      "Combined dataframe shape: (16, 10)\n"
     ]
    },
    {
     "data": {
      "text/html": [
       "<div>\n",
       "<style scoped>\n",
       "    .dataframe tbody tr th:only-of-type {\n",
       "        vertical-align: middle;\n",
       "    }\n",
       "\n",
       "    .dataframe tbody tr th {\n",
       "        vertical-align: top;\n",
       "    }\n",
       "\n",
       "    .dataframe thead th {\n",
       "        text-align: right;\n",
       "    }\n",
       "</style>\n",
       "<table border=\"1\" class=\"dataframe\">\n",
       "  <thead>\n",
       "    <tr style=\"text-align: right;\">\n",
       "      <th></th>\n",
       "      <th>period_end_date</th>\n",
       "      <th>year</th>\n",
       "      <th>month</th>\n",
       "      <th>Revenue</th>\n",
       "      <th>Cost_of_Sales</th>\n",
       "      <th>Gross_Profit</th>\n",
       "      <th>Distribution_Costs</th>\n",
       "      <th>Administrative_Expenses</th>\n",
       "      <th>Profit_from_Operations</th>\n",
       "      <th>Profit_for_the_Period</th>\n",
       "    </tr>\n",
       "  </thead>\n",
       "  <tbody>\n",
       "    <tr>\n",
       "      <th>0</th>\n",
       "      <td>2024-12-31</td>\n",
       "      <td>2024</td>\n",
       "      <td>12</td>\n",
       "      <td>1941892</td>\n",
       "      <td>1607594</td>\n",
       "      <td>334298</td>\n",
       "      <td>286275</td>\n",
       "      <td>80581</td>\n",
       "      <td>-26507</td>\n",
       "      <td>-53988</td>\n",
       "    </tr>\n",
       "    <tr>\n",
       "      <th>1</th>\n",
       "      <td>2024-09-30</td>\n",
       "      <td>2024</td>\n",
       "      <td>9</td>\n",
       "      <td>2139733</td>\n",
       "      <td>1707131</td>\n",
       "      <td>432602</td>\n",
       "      <td>351682</td>\n",
       "      <td>88697</td>\n",
       "      <td>40140</td>\n",
       "      <td>-53830</td>\n",
       "    </tr>\n",
       "    <tr>\n",
       "      <th>2</th>\n",
       "      <td>2024-03-31</td>\n",
       "      <td>2024</td>\n",
       "      <td>3</td>\n",
       "      <td>1682540</td>\n",
       "      <td>1439393</td>\n",
       "      <td>243147</td>\n",
       "      <td>193767</td>\n",
       "      <td>80255</td>\n",
       "      <td>-25349</td>\n",
       "      <td>14640</td>\n",
       "    </tr>\n",
       "    <tr>\n",
       "      <th>3</th>\n",
       "      <td>2024-03-31</td>\n",
       "      <td>2024</td>\n",
       "      <td>3</td>\n",
       "      <td>1486128</td>\n",
       "      <td>1123186</td>\n",
       "      <td>362942</td>\n",
       "      <td>154991</td>\n",
       "      <td>77853</td>\n",
       "      <td>135080</td>\n",
       "      <td>-69640</td>\n",
       "    </tr>\n",
       "    <tr>\n",
       "      <th>4</th>\n",
       "      <td>2023-12-31</td>\n",
       "      <td>2023</td>\n",
       "      <td>12</td>\n",
       "      <td>2089873</td>\n",
       "      <td>1670217</td>\n",
       "      <td>419656</td>\n",
       "      <td>239643</td>\n",
       "      <td>104539</td>\n",
       "      <td>87501</td>\n",
       "      <td>70768</td>\n",
       "    </tr>\n",
       "    <tr>\n",
       "      <th>5</th>\n",
       "      <td>2023-09-30</td>\n",
       "      <td>2023</td>\n",
       "      <td>9</td>\n",
       "      <td>2069984</td>\n",
       "      <td>1661929</td>\n",
       "      <td>408055</td>\n",
       "      <td>202073</td>\n",
       "      <td>103343</td>\n",
       "      <td>113159</td>\n",
       "      <td>175852</td>\n",
       "    </tr>\n",
       "    <tr>\n",
       "      <th>6</th>\n",
       "      <td>2023-06-30</td>\n",
       "      <td>2023</td>\n",
       "      <td>6</td>\n",
       "      <td>1474458</td>\n",
       "      <td>1275967</td>\n",
       "      <td>198491</td>\n",
       "      <td>162533</td>\n",
       "      <td>88727</td>\n",
       "      <td>-44991</td>\n",
       "      <td>-142922</td>\n",
       "    </tr>\n",
       "    <tr>\n",
       "      <th>7</th>\n",
       "      <td>2023-03-31</td>\n",
       "      <td>2023</td>\n",
       "      <td>3</td>\n",
       "      <td>1702720</td>\n",
       "      <td>1234766</td>\n",
       "      <td>467954</td>\n",
       "      <td>304953</td>\n",
       "      <td>122348</td>\n",
       "      <td>19939</td>\n",
       "      <td>-247433</td>\n",
       "    </tr>\n",
       "    <tr>\n",
       "      <th>8</th>\n",
       "      <td>2022-12-31</td>\n",
       "      <td>2022</td>\n",
       "      <td>12</td>\n",
       "      <td>1909048</td>\n",
       "      <td>1487153</td>\n",
       "      <td>421895</td>\n",
       "      <td>308958</td>\n",
       "      <td>108560</td>\n",
       "      <td>11502</td>\n",
       "      <td>52543</td>\n",
       "    </tr>\n",
       "    <tr>\n",
       "      <th>9</th>\n",
       "      <td>2022-09-30</td>\n",
       "      <td>2022</td>\n",
       "      <td>9</td>\n",
       "      <td>2661097</td>\n",
       "      <td>1979877</td>\n",
       "      <td>681220</td>\n",
       "      <td>353007</td>\n",
       "      <td>116536</td>\n",
       "      <td>217655</td>\n",
       "      <td>250220</td>\n",
       "    </tr>\n",
       "    <tr>\n",
       "      <th>10</th>\n",
       "      <td>2022-06-30</td>\n",
       "      <td>2022</td>\n",
       "      <td>6</td>\n",
       "      <td>6536932</td>\n",
       "      <td>4351826</td>\n",
       "      <td>2185106</td>\n",
       "      <td>1043144</td>\n",
       "      <td>309702</td>\n",
       "      <td>864516</td>\n",
       "      <td>1657892</td>\n",
       "    </tr>\n",
       "    <tr>\n",
       "      <th>11</th>\n",
       "      <td>2022-03-31</td>\n",
       "      <td>2022</td>\n",
       "      <td>3</td>\n",
       "      <td>6536932</td>\n",
       "      <td>4351826</td>\n",
       "      <td>2185106</td>\n",
       "      <td>1043144</td>\n",
       "      <td>309702</td>\n",
       "      <td>864516</td>\n",
       "      <td>1657892</td>\n",
       "    </tr>\n",
       "    <tr>\n",
       "      <th>12</th>\n",
       "      <td>2021-12-31</td>\n",
       "      <td>2021</td>\n",
       "      <td>12</td>\n",
       "      <td>1778416</td>\n",
       "      <td>1202429</td>\n",
       "      <td>575987</td>\n",
       "      <td>299925</td>\n",
       "      <td>76958</td>\n",
       "      <td>205982</td>\n",
       "      <td>181879</td>\n",
       "    </tr>\n",
       "    <tr>\n",
       "      <th>13</th>\n",
       "      <td>2021-09-30</td>\n",
       "      <td>2021</td>\n",
       "      <td>9</td>\n",
       "      <td>1754079</td>\n",
       "      <td>1155680</td>\n",
       "      <td>598399</td>\n",
       "      <td>248786</td>\n",
       "      <td>76198</td>\n",
       "      <td>279132</td>\n",
       "      <td>243320</td>\n",
       "    </tr>\n",
       "    <tr>\n",
       "      <th>14</th>\n",
       "      <td>2021-06-30</td>\n",
       "      <td>2021</td>\n",
       "      <td>6</td>\n",
       "      <td>1400300</td>\n",
       "      <td>955738</td>\n",
       "      <td>444562</td>\n",
       "      <td>180649</td>\n",
       "      <td>59170</td>\n",
       "      <td>210215</td>\n",
       "      <td>199429</td>\n",
       "    </tr>\n",
       "    <tr>\n",
       "      <th>15</th>\n",
       "      <td>2021-03-31</td>\n",
       "      <td>2021</td>\n",
       "      <td>3</td>\n",
       "      <td>1344850</td>\n",
       "      <td>921087</td>\n",
       "      <td>423763</td>\n",
       "      <td>110574</td>\n",
       "      <td>54818</td>\n",
       "      <td>267524</td>\n",
       "      <td>294833</td>\n",
       "    </tr>\n",
       "  </tbody>\n",
       "</table>\n",
       "</div>"
      ],
      "text/plain": [
       "   period_end_date  year  month  Revenue  Cost_of_Sales  Gross_Profit  \\\n",
       "0       2024-12-31  2024     12  1941892        1607594        334298   \n",
       "1       2024-09-30  2024      9  2139733        1707131        432602   \n",
       "2       2024-03-31  2024      3  1682540        1439393        243147   \n",
       "3       2024-03-31  2024      3  1486128        1123186        362942   \n",
       "4       2023-12-31  2023     12  2089873        1670217        419656   \n",
       "5       2023-09-30  2023      9  2069984        1661929        408055   \n",
       "6       2023-06-30  2023      6  1474458        1275967        198491   \n",
       "7       2023-03-31  2023      3  1702720        1234766        467954   \n",
       "8       2022-12-31  2022     12  1909048        1487153        421895   \n",
       "9       2022-09-30  2022      9  2661097        1979877        681220   \n",
       "10      2022-06-30  2022      6  6536932        4351826       2185106   \n",
       "11      2022-03-31  2022      3  6536932        4351826       2185106   \n",
       "12      2021-12-31  2021     12  1778416        1202429        575987   \n",
       "13      2021-09-30  2021      9  1754079        1155680        598399   \n",
       "14      2021-06-30  2021      6  1400300         955738        444562   \n",
       "15      2021-03-31  2021      3  1344850         921087        423763   \n",
       "\n",
       "    Distribution_Costs  Administrative_Expenses  Profit_from_Operations  \\\n",
       "0               286275                    80581                  -26507   \n",
       "1               351682                    88697                   40140   \n",
       "2               193767                    80255                  -25349   \n",
       "3               154991                    77853                  135080   \n",
       "4               239643                   104539                   87501   \n",
       "5               202073                   103343                  113159   \n",
       "6               162533                    88727                  -44991   \n",
       "7               304953                   122348                   19939   \n",
       "8               308958                   108560                   11502   \n",
       "9               353007                   116536                  217655   \n",
       "10             1043144                   309702                  864516   \n",
       "11             1043144                   309702                  864516   \n",
       "12              299925                    76958                  205982   \n",
       "13              248786                    76198                  279132   \n",
       "14              180649                    59170                  210215   \n",
       "15              110574                    54818                  267524   \n",
       "\n",
       "    Profit_for_the_Period  \n",
       "0                  -53988  \n",
       "1                  -53830  \n",
       "2                   14640  \n",
       "3                  -69640  \n",
       "4                   70768  \n",
       "5                  175852  \n",
       "6                 -142922  \n",
       "7                 -247433  \n",
       "8                   52543  \n",
       "9                  250220  \n",
       "10                1657892  \n",
       "11                1657892  \n",
       "12                 181879  \n",
       "13                 243320  \n",
       "14                 199429  \n",
       "15                 294833  "
      ]
     },
     "execution_count": 25,
     "metadata": {},
     "output_type": "execute_result"
    }
   ],
   "source": [
    "# Get list of all CSV files in the dipd2 directory\n",
    "import os\n",
    "import pandas as pd\n",
    "from pathlib import Path\n",
    "\n",
    "# Define the directory path using relative path from notebook location\n",
    "notebook_dir = Path().absolute()\n",
    "project_root = notebook_dir.parent.parent\n",
    "dipd2_dir = project_root / \"data\" / \"interim\" / \"rexp_final\"\n",
    "\n",
    "# Get all CSV files in the directory and print count\n",
    "csv_files = list(dipd2_dir.glob(\"*.csv\"))\n",
    "print(f\"Number of CSV files found: {len(csv_files)}\")\n",
    "\n",
    "# Read and concatenate all CSV files\n",
    "dfs = []\n",
    "for csv_file in csv_files:\n",
    "    df = pd.read_csv(csv_file)\n",
    "    dfs.append(df)\n",
    "\n",
    "# Concatenate all dataframes\n",
    "combined_df = pd.concat(dfs, ignore_index=True)\n",
    "\n",
    "# Display the combined dataframe\n",
    "print(\"Combined dataframe shape:\", combined_df.shape)\n",
    "combined_df\n"
   ]
  },
  {
   "cell_type": "code",
   "execution_count": 26,
   "metadata": {},
   "outputs": [
    {
     "data": {
      "text/html": [
       "<div>\n",
       "<style scoped>\n",
       "    .dataframe tbody tr th:only-of-type {\n",
       "        vertical-align: middle;\n",
       "    }\n",
       "\n",
       "    .dataframe tbody tr th {\n",
       "        vertical-align: top;\n",
       "    }\n",
       "\n",
       "    .dataframe thead th {\n",
       "        text-align: right;\n",
       "    }\n",
       "</style>\n",
       "<table border=\"1\" class=\"dataframe\">\n",
       "  <thead>\n",
       "    <tr style=\"text-align: right;\">\n",
       "      <th></th>\n",
       "      <th>period_end_date</th>\n",
       "      <th>year</th>\n",
       "      <th>month</th>\n",
       "      <th>Revenue</th>\n",
       "      <th>Cost_of_Sales</th>\n",
       "      <th>Gross_Profit</th>\n",
       "      <th>Distribution_Costs</th>\n",
       "      <th>Administrative_Expenses</th>\n",
       "      <th>Profit_from_Operations</th>\n",
       "      <th>Profit_for_the_Period</th>\n",
       "    </tr>\n",
       "  </thead>\n",
       "  <tbody>\n",
       "    <tr>\n",
       "      <th>15</th>\n",
       "      <td>2021-03-31</td>\n",
       "      <td>2021</td>\n",
       "      <td>3</td>\n",
       "      <td>1344850</td>\n",
       "      <td>921087</td>\n",
       "      <td>423763</td>\n",
       "      <td>110574</td>\n",
       "      <td>54818</td>\n",
       "      <td>267524</td>\n",
       "      <td>294833</td>\n",
       "    </tr>\n",
       "    <tr>\n",
       "      <th>14</th>\n",
       "      <td>2021-06-30</td>\n",
       "      <td>2021</td>\n",
       "      <td>6</td>\n",
       "      <td>1400300</td>\n",
       "      <td>955738</td>\n",
       "      <td>444562</td>\n",
       "      <td>180649</td>\n",
       "      <td>59170</td>\n",
       "      <td>210215</td>\n",
       "      <td>199429</td>\n",
       "    </tr>\n",
       "    <tr>\n",
       "      <th>13</th>\n",
       "      <td>2021-09-30</td>\n",
       "      <td>2021</td>\n",
       "      <td>9</td>\n",
       "      <td>1754079</td>\n",
       "      <td>1155680</td>\n",
       "      <td>598399</td>\n",
       "      <td>248786</td>\n",
       "      <td>76198</td>\n",
       "      <td>279132</td>\n",
       "      <td>243320</td>\n",
       "    </tr>\n",
       "    <tr>\n",
       "      <th>12</th>\n",
       "      <td>2021-12-31</td>\n",
       "      <td>2021</td>\n",
       "      <td>12</td>\n",
       "      <td>1778416</td>\n",
       "      <td>1202429</td>\n",
       "      <td>575987</td>\n",
       "      <td>299925</td>\n",
       "      <td>76958</td>\n",
       "      <td>205982</td>\n",
       "      <td>181879</td>\n",
       "    </tr>\n",
       "    <tr>\n",
       "      <th>11</th>\n",
       "      <td>2022-03-31</td>\n",
       "      <td>2022</td>\n",
       "      <td>3</td>\n",
       "      <td>6536932</td>\n",
       "      <td>4351826</td>\n",
       "      <td>2185106</td>\n",
       "      <td>1043144</td>\n",
       "      <td>309702</td>\n",
       "      <td>864516</td>\n",
       "      <td>1657892</td>\n",
       "    </tr>\n",
       "    <tr>\n",
       "      <th>10</th>\n",
       "      <td>2022-06-30</td>\n",
       "      <td>2022</td>\n",
       "      <td>6</td>\n",
       "      <td>6536932</td>\n",
       "      <td>4351826</td>\n",
       "      <td>2185106</td>\n",
       "      <td>1043144</td>\n",
       "      <td>309702</td>\n",
       "      <td>864516</td>\n",
       "      <td>1657892</td>\n",
       "    </tr>\n",
       "    <tr>\n",
       "      <th>9</th>\n",
       "      <td>2022-09-30</td>\n",
       "      <td>2022</td>\n",
       "      <td>9</td>\n",
       "      <td>2661097</td>\n",
       "      <td>1979877</td>\n",
       "      <td>681220</td>\n",
       "      <td>353007</td>\n",
       "      <td>116536</td>\n",
       "      <td>217655</td>\n",
       "      <td>250220</td>\n",
       "    </tr>\n",
       "    <tr>\n",
       "      <th>8</th>\n",
       "      <td>2022-12-31</td>\n",
       "      <td>2022</td>\n",
       "      <td>12</td>\n",
       "      <td>1909048</td>\n",
       "      <td>1487153</td>\n",
       "      <td>421895</td>\n",
       "      <td>308958</td>\n",
       "      <td>108560</td>\n",
       "      <td>11502</td>\n",
       "      <td>52543</td>\n",
       "    </tr>\n",
       "    <tr>\n",
       "      <th>7</th>\n",
       "      <td>2023-03-31</td>\n",
       "      <td>2023</td>\n",
       "      <td>3</td>\n",
       "      <td>1702720</td>\n",
       "      <td>1234766</td>\n",
       "      <td>467954</td>\n",
       "      <td>304953</td>\n",
       "      <td>122348</td>\n",
       "      <td>19939</td>\n",
       "      <td>-247433</td>\n",
       "    </tr>\n",
       "    <tr>\n",
       "      <th>6</th>\n",
       "      <td>2023-06-30</td>\n",
       "      <td>2023</td>\n",
       "      <td>6</td>\n",
       "      <td>1474458</td>\n",
       "      <td>1275967</td>\n",
       "      <td>198491</td>\n",
       "      <td>162533</td>\n",
       "      <td>88727</td>\n",
       "      <td>-44991</td>\n",
       "      <td>-142922</td>\n",
       "    </tr>\n",
       "    <tr>\n",
       "      <th>5</th>\n",
       "      <td>2023-09-30</td>\n",
       "      <td>2023</td>\n",
       "      <td>9</td>\n",
       "      <td>2069984</td>\n",
       "      <td>1661929</td>\n",
       "      <td>408055</td>\n",
       "      <td>202073</td>\n",
       "      <td>103343</td>\n",
       "      <td>113159</td>\n",
       "      <td>175852</td>\n",
       "    </tr>\n",
       "    <tr>\n",
       "      <th>4</th>\n",
       "      <td>2023-12-31</td>\n",
       "      <td>2023</td>\n",
       "      <td>12</td>\n",
       "      <td>2089873</td>\n",
       "      <td>1670217</td>\n",
       "      <td>419656</td>\n",
       "      <td>239643</td>\n",
       "      <td>104539</td>\n",
       "      <td>87501</td>\n",
       "      <td>70768</td>\n",
       "    </tr>\n",
       "    <tr>\n",
       "      <th>2</th>\n",
       "      <td>2024-03-31</td>\n",
       "      <td>2024</td>\n",
       "      <td>3</td>\n",
       "      <td>1682540</td>\n",
       "      <td>1439393</td>\n",
       "      <td>243147</td>\n",
       "      <td>193767</td>\n",
       "      <td>80255</td>\n",
       "      <td>-25349</td>\n",
       "      <td>14640</td>\n",
       "    </tr>\n",
       "    <tr>\n",
       "      <th>3</th>\n",
       "      <td>2024-03-31</td>\n",
       "      <td>2024</td>\n",
       "      <td>3</td>\n",
       "      <td>1486128</td>\n",
       "      <td>1123186</td>\n",
       "      <td>362942</td>\n",
       "      <td>154991</td>\n",
       "      <td>77853</td>\n",
       "      <td>135080</td>\n",
       "      <td>-69640</td>\n",
       "    </tr>\n",
       "    <tr>\n",
       "      <th>1</th>\n",
       "      <td>2024-09-30</td>\n",
       "      <td>2024</td>\n",
       "      <td>9</td>\n",
       "      <td>2139733</td>\n",
       "      <td>1707131</td>\n",
       "      <td>432602</td>\n",
       "      <td>351682</td>\n",
       "      <td>88697</td>\n",
       "      <td>40140</td>\n",
       "      <td>-53830</td>\n",
       "    </tr>\n",
       "    <tr>\n",
       "      <th>0</th>\n",
       "      <td>2024-12-31</td>\n",
       "      <td>2024</td>\n",
       "      <td>12</td>\n",
       "      <td>1941892</td>\n",
       "      <td>1607594</td>\n",
       "      <td>334298</td>\n",
       "      <td>286275</td>\n",
       "      <td>80581</td>\n",
       "      <td>-26507</td>\n",
       "      <td>-53988</td>\n",
       "    </tr>\n",
       "  </tbody>\n",
       "</table>\n",
       "</div>"
      ],
      "text/plain": [
       "   period_end_date  year  month  Revenue  Cost_of_Sales  Gross_Profit  \\\n",
       "15      2021-03-31  2021      3  1344850         921087        423763   \n",
       "14      2021-06-30  2021      6  1400300         955738        444562   \n",
       "13      2021-09-30  2021      9  1754079        1155680        598399   \n",
       "12      2021-12-31  2021     12  1778416        1202429        575987   \n",
       "11      2022-03-31  2022      3  6536932        4351826       2185106   \n",
       "10      2022-06-30  2022      6  6536932        4351826       2185106   \n",
       "9       2022-09-30  2022      9  2661097        1979877        681220   \n",
       "8       2022-12-31  2022     12  1909048        1487153        421895   \n",
       "7       2023-03-31  2023      3  1702720        1234766        467954   \n",
       "6       2023-06-30  2023      6  1474458        1275967        198491   \n",
       "5       2023-09-30  2023      9  2069984        1661929        408055   \n",
       "4       2023-12-31  2023     12  2089873        1670217        419656   \n",
       "2       2024-03-31  2024      3  1682540        1439393        243147   \n",
       "3       2024-03-31  2024      3  1486128        1123186        362942   \n",
       "1       2024-09-30  2024      9  2139733        1707131        432602   \n",
       "0       2024-12-31  2024     12  1941892        1607594        334298   \n",
       "\n",
       "    Distribution_Costs  Administrative_Expenses  Profit_from_Operations  \\\n",
       "15              110574                    54818                  267524   \n",
       "14              180649                    59170                  210215   \n",
       "13              248786                    76198                  279132   \n",
       "12              299925                    76958                  205982   \n",
       "11             1043144                   309702                  864516   \n",
       "10             1043144                   309702                  864516   \n",
       "9               353007                   116536                  217655   \n",
       "8               308958                   108560                   11502   \n",
       "7               304953                   122348                   19939   \n",
       "6               162533                    88727                  -44991   \n",
       "5               202073                   103343                  113159   \n",
       "4               239643                   104539                   87501   \n",
       "2               193767                    80255                  -25349   \n",
       "3               154991                    77853                  135080   \n",
       "1               351682                    88697                   40140   \n",
       "0               286275                    80581                  -26507   \n",
       "\n",
       "    Profit_for_the_Period  \n",
       "15                 294833  \n",
       "14                 199429  \n",
       "13                 243320  \n",
       "12                 181879  \n",
       "11                1657892  \n",
       "10                1657892  \n",
       "9                  250220  \n",
       "8                   52543  \n",
       "7                 -247433  \n",
       "6                 -142922  \n",
       "5                  175852  \n",
       "4                   70768  \n",
       "2                   14640  \n",
       "3                  -69640  \n",
       "1                  -53830  \n",
       "0                  -53988  "
      ]
     },
     "execution_count": 26,
     "metadata": {},
     "output_type": "execute_result"
    }
   ],
   "source": [
    "# Sort the combined dataframe by period_end_date\n",
    "combined_df['period_end_date'] = pd.to_datetime(combined_df['period_end_date'])\n",
    "combined_df = combined_df.sort_values('period_end_date')\n",
    "combined_df\n"
   ]
  },
  {
   "cell_type": "code",
   "execution_count": 27,
   "metadata": {},
   "outputs": [
    {
     "name": "stdout",
     "output_type": "stream",
     "text": [
      "Shape after removing duplicates: (16, 10)\n"
     ]
    },
    {
     "data": {
      "text/html": [
       "<div>\n",
       "<style scoped>\n",
       "    .dataframe tbody tr th:only-of-type {\n",
       "        vertical-align: middle;\n",
       "    }\n",
       "\n",
       "    .dataframe tbody tr th {\n",
       "        vertical-align: top;\n",
       "    }\n",
       "\n",
       "    .dataframe thead th {\n",
       "        text-align: right;\n",
       "    }\n",
       "</style>\n",
       "<table border=\"1\" class=\"dataframe\">\n",
       "  <thead>\n",
       "    <tr style=\"text-align: right;\">\n",
       "      <th></th>\n",
       "      <th>period_end_date</th>\n",
       "      <th>year</th>\n",
       "      <th>month</th>\n",
       "      <th>Revenue</th>\n",
       "      <th>Cost_of_Sales</th>\n",
       "      <th>Gross_Profit</th>\n",
       "      <th>Distribution_Costs</th>\n",
       "      <th>Administrative_Expenses</th>\n",
       "      <th>Profit_from_Operations</th>\n",
       "      <th>Profit_for_the_Period</th>\n",
       "    </tr>\n",
       "  </thead>\n",
       "  <tbody>\n",
       "    <tr>\n",
       "      <th>0</th>\n",
       "      <td>2021-03-31</td>\n",
       "      <td>2021</td>\n",
       "      <td>3</td>\n",
       "      <td>1344850</td>\n",
       "      <td>921087</td>\n",
       "      <td>423763</td>\n",
       "      <td>110574</td>\n",
       "      <td>54818</td>\n",
       "      <td>267524</td>\n",
       "      <td>294833</td>\n",
       "    </tr>\n",
       "    <tr>\n",
       "      <th>1</th>\n",
       "      <td>2021-06-30</td>\n",
       "      <td>2021</td>\n",
       "      <td>6</td>\n",
       "      <td>1400300</td>\n",
       "      <td>955738</td>\n",
       "      <td>444562</td>\n",
       "      <td>180649</td>\n",
       "      <td>59170</td>\n",
       "      <td>210215</td>\n",
       "      <td>199429</td>\n",
       "    </tr>\n",
       "    <tr>\n",
       "      <th>2</th>\n",
       "      <td>2021-09-30</td>\n",
       "      <td>2021</td>\n",
       "      <td>9</td>\n",
       "      <td>1754079</td>\n",
       "      <td>1155680</td>\n",
       "      <td>598399</td>\n",
       "      <td>248786</td>\n",
       "      <td>76198</td>\n",
       "      <td>279132</td>\n",
       "      <td>243320</td>\n",
       "    </tr>\n",
       "    <tr>\n",
       "      <th>3</th>\n",
       "      <td>2021-12-31</td>\n",
       "      <td>2021</td>\n",
       "      <td>12</td>\n",
       "      <td>1778416</td>\n",
       "      <td>1202429</td>\n",
       "      <td>575987</td>\n",
       "      <td>299925</td>\n",
       "      <td>76958</td>\n",
       "      <td>205982</td>\n",
       "      <td>181879</td>\n",
       "    </tr>\n",
       "    <tr>\n",
       "      <th>4</th>\n",
       "      <td>2022-03-31</td>\n",
       "      <td>2022</td>\n",
       "      <td>3</td>\n",
       "      <td>6536932</td>\n",
       "      <td>4351826</td>\n",
       "      <td>2185106</td>\n",
       "      <td>1043144</td>\n",
       "      <td>309702</td>\n",
       "      <td>864516</td>\n",
       "      <td>1657892</td>\n",
       "    </tr>\n",
       "    <tr>\n",
       "      <th>5</th>\n",
       "      <td>2022-06-30</td>\n",
       "      <td>2022</td>\n",
       "      <td>6</td>\n",
       "      <td>6536932</td>\n",
       "      <td>4351826</td>\n",
       "      <td>2185106</td>\n",
       "      <td>1043144</td>\n",
       "      <td>309702</td>\n",
       "      <td>864516</td>\n",
       "      <td>1657892</td>\n",
       "    </tr>\n",
       "    <tr>\n",
       "      <th>6</th>\n",
       "      <td>2022-09-30</td>\n",
       "      <td>2022</td>\n",
       "      <td>9</td>\n",
       "      <td>2661097</td>\n",
       "      <td>1979877</td>\n",
       "      <td>681220</td>\n",
       "      <td>353007</td>\n",
       "      <td>116536</td>\n",
       "      <td>217655</td>\n",
       "      <td>250220</td>\n",
       "    </tr>\n",
       "    <tr>\n",
       "      <th>7</th>\n",
       "      <td>2022-12-31</td>\n",
       "      <td>2022</td>\n",
       "      <td>12</td>\n",
       "      <td>1909048</td>\n",
       "      <td>1487153</td>\n",
       "      <td>421895</td>\n",
       "      <td>308958</td>\n",
       "      <td>108560</td>\n",
       "      <td>11502</td>\n",
       "      <td>52543</td>\n",
       "    </tr>\n",
       "    <tr>\n",
       "      <th>8</th>\n",
       "      <td>2023-03-31</td>\n",
       "      <td>2023</td>\n",
       "      <td>3</td>\n",
       "      <td>1702720</td>\n",
       "      <td>1234766</td>\n",
       "      <td>467954</td>\n",
       "      <td>304953</td>\n",
       "      <td>122348</td>\n",
       "      <td>19939</td>\n",
       "      <td>-247433</td>\n",
       "    </tr>\n",
       "    <tr>\n",
       "      <th>9</th>\n",
       "      <td>2023-06-30</td>\n",
       "      <td>2023</td>\n",
       "      <td>6</td>\n",
       "      <td>1474458</td>\n",
       "      <td>1275967</td>\n",
       "      <td>198491</td>\n",
       "      <td>162533</td>\n",
       "      <td>88727</td>\n",
       "      <td>-44991</td>\n",
       "      <td>-142922</td>\n",
       "    </tr>\n",
       "    <tr>\n",
       "      <th>10</th>\n",
       "      <td>2023-09-30</td>\n",
       "      <td>2023</td>\n",
       "      <td>9</td>\n",
       "      <td>2069984</td>\n",
       "      <td>1661929</td>\n",
       "      <td>408055</td>\n",
       "      <td>202073</td>\n",
       "      <td>103343</td>\n",
       "      <td>113159</td>\n",
       "      <td>175852</td>\n",
       "    </tr>\n",
       "    <tr>\n",
       "      <th>11</th>\n",
       "      <td>2023-12-31</td>\n",
       "      <td>2023</td>\n",
       "      <td>12</td>\n",
       "      <td>2089873</td>\n",
       "      <td>1670217</td>\n",
       "      <td>419656</td>\n",
       "      <td>239643</td>\n",
       "      <td>104539</td>\n",
       "      <td>87501</td>\n",
       "      <td>70768</td>\n",
       "    </tr>\n",
       "    <tr>\n",
       "      <th>12</th>\n",
       "      <td>2024-03-31</td>\n",
       "      <td>2024</td>\n",
       "      <td>3</td>\n",
       "      <td>1682540</td>\n",
       "      <td>1439393</td>\n",
       "      <td>243147</td>\n",
       "      <td>193767</td>\n",
       "      <td>80255</td>\n",
       "      <td>-25349</td>\n",
       "      <td>14640</td>\n",
       "    </tr>\n",
       "    <tr>\n",
       "      <th>13</th>\n",
       "      <td>2024-03-31</td>\n",
       "      <td>2024</td>\n",
       "      <td>3</td>\n",
       "      <td>1486128</td>\n",
       "      <td>1123186</td>\n",
       "      <td>362942</td>\n",
       "      <td>154991</td>\n",
       "      <td>77853</td>\n",
       "      <td>135080</td>\n",
       "      <td>-69640</td>\n",
       "    </tr>\n",
       "    <tr>\n",
       "      <th>14</th>\n",
       "      <td>2024-09-30</td>\n",
       "      <td>2024</td>\n",
       "      <td>9</td>\n",
       "      <td>2139733</td>\n",
       "      <td>1707131</td>\n",
       "      <td>432602</td>\n",
       "      <td>351682</td>\n",
       "      <td>88697</td>\n",
       "      <td>40140</td>\n",
       "      <td>-53830</td>\n",
       "    </tr>\n",
       "    <tr>\n",
       "      <th>15</th>\n",
       "      <td>2024-12-31</td>\n",
       "      <td>2024</td>\n",
       "      <td>12</td>\n",
       "      <td>1941892</td>\n",
       "      <td>1607594</td>\n",
       "      <td>334298</td>\n",
       "      <td>286275</td>\n",
       "      <td>80581</td>\n",
       "      <td>-26507</td>\n",
       "      <td>-53988</td>\n",
       "    </tr>\n",
       "  </tbody>\n",
       "</table>\n",
       "</div>"
      ],
      "text/plain": [
       "   period_end_date  year  month  Revenue  Cost_of_Sales  Gross_Profit  \\\n",
       "0       2021-03-31  2021      3  1344850         921087        423763   \n",
       "1       2021-06-30  2021      6  1400300         955738        444562   \n",
       "2       2021-09-30  2021      9  1754079        1155680        598399   \n",
       "3       2021-12-31  2021     12  1778416        1202429        575987   \n",
       "4       2022-03-31  2022      3  6536932        4351826       2185106   \n",
       "5       2022-06-30  2022      6  6536932        4351826       2185106   \n",
       "6       2022-09-30  2022      9  2661097        1979877        681220   \n",
       "7       2022-12-31  2022     12  1909048        1487153        421895   \n",
       "8       2023-03-31  2023      3  1702720        1234766        467954   \n",
       "9       2023-06-30  2023      6  1474458        1275967        198491   \n",
       "10      2023-09-30  2023      9  2069984        1661929        408055   \n",
       "11      2023-12-31  2023     12  2089873        1670217        419656   \n",
       "12      2024-03-31  2024      3  1682540        1439393        243147   \n",
       "13      2024-03-31  2024      3  1486128        1123186        362942   \n",
       "14      2024-09-30  2024      9  2139733        1707131        432602   \n",
       "15      2024-12-31  2024     12  1941892        1607594        334298   \n",
       "\n",
       "    Distribution_Costs  Administrative_Expenses  Profit_from_Operations  \\\n",
       "0               110574                    54818                  267524   \n",
       "1               180649                    59170                  210215   \n",
       "2               248786                    76198                  279132   \n",
       "3               299925                    76958                  205982   \n",
       "4              1043144                   309702                  864516   \n",
       "5              1043144                   309702                  864516   \n",
       "6               353007                   116536                  217655   \n",
       "7               308958                   108560                   11502   \n",
       "8               304953                   122348                   19939   \n",
       "9               162533                    88727                  -44991   \n",
       "10              202073                   103343                  113159   \n",
       "11              239643                   104539                   87501   \n",
       "12              193767                    80255                  -25349   \n",
       "13              154991                    77853                  135080   \n",
       "14              351682                    88697                   40140   \n",
       "15              286275                    80581                  -26507   \n",
       "\n",
       "    Profit_for_the_Period  \n",
       "0                  294833  \n",
       "1                  199429  \n",
       "2                  243320  \n",
       "3                  181879  \n",
       "4                 1657892  \n",
       "5                 1657892  \n",
       "6                  250220  \n",
       "7                   52543  \n",
       "8                 -247433  \n",
       "9                 -142922  \n",
       "10                 175852  \n",
       "11                  70768  \n",
       "12                  14640  \n",
       "13                 -69640  \n",
       "14                 -53830  \n",
       "15                 -53988  "
      ]
     },
     "execution_count": 27,
     "metadata": {},
     "output_type": "execute_result"
    }
   ],
   "source": [
    "# Remove duplicate rows based on all columns\n",
    "combined_df = combined_df.drop_duplicates()\n",
    "\n",
    "# Reset the index after removing duplicates\n",
    "combined_df = combined_df.reset_index(drop=True)\n",
    "\n",
    "# Display the deduplicated dataframe\n",
    "print(\"Shape after removing duplicates:\", combined_df.shape)\n",
    "combined_df\n"
   ]
  },
  {
   "cell_type": "code",
   "execution_count": 28,
   "metadata": {},
   "outputs": [
    {
     "name": "stdout",
     "output_type": "stream",
     "text": [
      "   period_end_date  revenue     COGS  gross_profit  operating_expenses  \\\n",
      "0       2021-03-31  1344850   921087        423763              165392   \n",
      "1       2021-06-30  1400300   955738        444562              239819   \n",
      "2       2021-09-30  1754079  1155680        598399              324984   \n",
      "3       2021-12-31  1778416  1202429        575987              376883   \n",
      "4       2022-03-31  6536932  4351826       2185106             1352846   \n",
      "5       2022-06-30  6536932  4351826       2185106             1352846   \n",
      "6       2022-09-30  2661097  1979877        681220              469543   \n",
      "7       2022-12-31  1909048  1487153        421895              417518   \n",
      "8       2023-03-31  1702720  1234766        467954              427301   \n",
      "9       2023-06-30  1474458  1275967        198491              251260   \n",
      "10      2023-09-30  2069984  1661929        408055              305416   \n",
      "11      2023-12-31  2089873  1670217        419656              344182   \n",
      "12      2024-03-31  1682540  1439393        243147              274022   \n",
      "13      2024-03-31  1486128  1123186        362942              232844   \n",
      "14      2024-09-30  2139733  1707131        432602              440379   \n",
      "15      2024-12-31  1941892  1607594        334298              366856   \n",
      "\n",
      "    operating_income  profit_for_the_period  \n",
      "0             258371                 294833  \n",
      "1             204743                 199429  \n",
      "2             273415                 243320  \n",
      "3             199104                 181879  \n",
      "4             832260                1657892  \n",
      "5             832260                1657892  \n",
      "6             211677                 250220  \n",
      "7               4377                  52543  \n",
      "8              40653                -247433  \n",
      "9             -52769                -142922  \n",
      "10            102639                 175852  \n",
      "11             75474                  70768  \n",
      "12            -30875                  14640  \n",
      "13            130098                 -69640  \n",
      "14             -7777                 -53830  \n",
      "15            -32558                 -53988  \n"
     ]
    }
   ],
   "source": [
    "df = combined_df\n",
    "\n",
    "# Rename columns to match expected names\n",
    "df.columns = df.columns.str.lower()\n",
    "\n",
    "# Compute Operating Expenses\n",
    "# Check if columns exist before calculating\n",
    "if 'distribution_costs' in df.columns and 'administrative_expenses' in df.columns:\n",
    "    df[\"operating_expenses\"] = df[\"distribution_costs\"] + df[\"administrative_expenses\"]\n",
    "else:\n",
